48.828125 326.171875 1047.8515625
28.3203125 343.75 1050.29296875
-0.9765625 358.88671875 1052.24609375
-24.4140625 363.76953125 1051.7578125
-49.31640625 369.140625 1052.24609375
-67.3828125 370.1171875 1052.734375
-90.33203125 361.81640625 1052.24609375
-115.234375 362.79296875 1052.24609375
-136.71875 355.46875 1052.734375
-161.62109375 345.21484375 1052.24609375
-184.08203125 333.49609375 1053.7109375
-204.58984375 321.77734375 1052.24609375
-221.6796875 299.31640625 1051.7578125
-236.81640625 277.83203125 1052.24609375
-257.32421875 236.81640625 1050.29296875
-266.6015625 206.0546875 1048.828125
-272.94921875 173.33984375 1047.36328125
-278.3203125 148.4375 1042.48046875
-280.2734375 116.69921875 1037.109375
-275.390625 86.9140625 1035.15625
-268.5546875 64.453125 1031.25
-257.8125 39.0625 1030.2734375
-245.1171875 16.6015625 1024.90234375
-231.93359375 -3.90625 1026.3671875
-214.84375 -22.4609375 1024.90234375
-191.40625 -38.57421875 1021.97265625
-165.52734375 -48.828125 1017.578125
-122.0703125 -63.4765625 1014.16015625
-96.6796875 -78.125 1011.23046875
-67.87109375 -80.56640625 1007.8125
-34.66796875 -78.61328125 1005.859375
-10.25390625 -75.68359375 1002.9296875
18.5546875 -67.87109375 1000.9765625
38.57421875 -53.7109375 1004.8828125
58.59375 -38.0859375 1008.30078125
74.70703125 -15.13671875 1012.20703125
92.7734375 1.46484375 1013.671875
107.91015625 22.94921875 1010.7421875
122.0703125 51.7578125 1016.11328125
126.46484375 76.171875 1022.4609375
126.953125 127.44140625 1032.2265625
124.51171875 158.203125 1041.015625
120.60546875 206.0546875 1042.48046875
107.421875 234.86328125 1041.50390625
100.5859375 273.92578125 1043.45703125
88.8671875 301.7578125 1040.52734375
71.77734375 325.68359375 1040.0390625
55.6640625 341.796875 1037.109375
41.9921875 355.95703125 1036.1328125
26.3671875 361.328125 1040.52734375
5.37109375 369.140625 1041.9921875
-22.4609375 368.1640625 1047.36328125
-46.875 370.1171875 1050.29296875
-83.984375 357.421875 1057.6171875
-103.515625 341.30859375 1062.98828125
-121.09375 324.70703125 1065.91796875
-136.23046875 308.59375 1068.84765625
-153.3203125 301.26953125 1068.359375
-165.0390625 297.36328125 1068.359375
-170.41015625 296.38671875 1067.87109375
-178.22265625 306.640625 1062.98828125
-179.19921875 307.12890625 1063.4765625
-176.26953125 315.91796875 1065.91796875
-170.8984375 323.2421875 1062.98828125
-156.25 330.56640625 1060.05859375
-138.18359375 348.14453125 1060.05859375
-122.55859375 360.83984375 1054.6875
-104.98046875 368.65234375 1049.8046875
-87.890625 375.0 1048.828125
-66.89453125 379.8828125 1046.875
-46.38671875 380.37109375 1046.875
-28.3203125 378.41796875 1042.96875
-6.8359375 369.140625 1046.875
16.11328125 351.07421875 1044.43359375
31.25 343.26171875 1048.828125
44.43359375 306.640625 1147.94921875
62.98828125 258.30078125 1194.3359375
81.54296875 250.48828125 1137.6953125
104.98046875 211.9140625 1137.6953125
116.2109375 155.76171875 1188.96484375
124.0234375 125.48828125 1185.546875
121.58203125 91.30859375 1182.6171875
121.58203125 62.98828125 1177.24609375
114.2578125 38.57421875 1176.26953125
105.95703125 15.625 1176.26953125
92.28515625 -7.32421875 1178.7109375
70.3125 -23.92578125 1175.29296875
62.01171875 -39.55078125 1179.19921875
45.8984375 -53.7109375 1174.8046875
25.87890625 -71.2890625 1175.29296875
13.671875 -74.21875 1178.7109375
-13.18359375 -86.9140625 1179.19921875
-24.4140625 -88.8671875 1181.640625
-47.8515625 -88.8671875 1185.05859375
-64.453125 -88.8671875 1185.546875
-66.89453125 -38.57421875 1039.0625
-81.54296875 -46.875 1039.0625
-94.23828125 -42.96875 1035.15625
-105.46875 -50.78125 1034.1796875
-115.72265625 -54.19921875 1029.296875
-124.51171875 -56.15234375 1024.4140625
-137.6953125 -57.6171875 1020.5078125
-139.6484375 -63.96484375 1021.484375
-140.625 -58.59375 1020.5078125
-139.16015625 -51.7578125 1020.99609375
-132.32421875 -54.6875 1023.4375
-124.51171875 -52.24609375 1025.390625
-118.65234375 -55.17578125 1024.90234375
-115.234375 -56.15234375 1027.83203125
-107.91015625 -47.8515625 1028.80859375
-109.86328125 -51.26953125 1029.78515625
-113.28125 -60.546875 1019.04296875
-123.046875 -70.3125 1010.25390625
-134.27734375 -81.0546875 1000.9765625
-150.390625 -94.23828125 991.69921875
-174.31640625 -110.3515625 975.09765625
-193.84765625 -118.65234375 959.47265625
-216.30859375 -127.9296875 944.3359375
-230.95703125 -135.7421875 924.31640625
-245.1171875 -150.87890625 901.3671875
-265.625 -164.55078125 881.8359375
-282.2265625 -172.36328125 859.375
-290.0390625 -175.78125 837.40234375
-301.7578125 -187.01171875 815.91796875
-312.01171875 -193.359375 793.9453125
-316.40625 -197.75390625 777.34375
-328.61328125 -203.125 759.27734375
-331.54296875 -206.0546875 741.69921875
-344.7265625 -204.58984375 720.21484375
-346.19140625 -205.078125 714.35546875
-346.19140625 -204.1015625 715.33203125
-342.7734375 -198.2421875 726.5625
-343.26171875 -200.1953125 742.1875
-333.49609375 -202.1484375 762.6953125
-324.21875 -185.546875 784.66796875
-318.359375 -185.546875 806.640625
-306.15234375 -172.36328125 827.63671875
-294.921875 -166.50390625 849.12109375
-281.25 -160.64453125 871.09375
-271.484375 -149.90234375 889.16015625
-259.765625 -143.5546875 904.78515625
-238.28125 -129.39453125 933.59375
-228.515625 -122.0703125 946.77734375
-220.21484375 -108.88671875 958.984375
-207.51953125 -99.609375 972.65625
-196.77734375 -91.796875 986.81640625
-184.08203125 -73.2421875 1000.0
-175.78125 -56.640625 1015.625
-158.69140625 -39.0625 1027.83203125
-137.6953125 -20.5078125 1042.96875
-118.65234375 -5.37109375 1049.8046875
-98.14453125 10.7421875 1058.59375
-77.63671875 29.296875 1065.91796875
-57.6171875 37.59765625 1071.77734375
-28.80859375 58.59375 1072.75390625
-16.6015625 64.453125 1074.21875
-5.859375 71.2890625 1071.77734375
-0.48828125 70.3125 1070.3125
-0.48828125 66.40625 1071.77734375
-1.953125 55.17578125 1071.2890625
-14.6484375 47.36328125 1067.87109375
-28.80859375 32.71484375 1064.94140625
-51.7578125 15.625 1061.03515625
-72.265625 -2.9296875 1052.734375
-95.703125 -11.71875 1045.8984375
-115.72265625 -33.203125 1038.57421875
-150.390625 -46.38671875 1021.484375
-168.9453125 -62.01171875 1008.30078125
-187.5 -74.21875 998.046875
-210.9375 -80.56640625 983.88671875
-230.95703125 -90.8203125 967.28515625
-247.0703125 -104.4921875 949.70703125
-268.06640625 -105.95703125 932.12890625
-285.15625 -119.140625 913.0859375
-304.6875 -125.9765625 891.6015625
-320.3125 -133.7890625 866.2109375
-335.9375 -139.16015625 843.75
-350.5859375 -143.06640625 828.125
-360.83984375 -143.06640625 812.01171875
-366.69921875 -151.85546875 784.1796875
-378.41796875 -152.83203125 770.01953125
-382.32421875 -156.73828125 754.39453125
-384.765625 -164.55078125 744.140625
-387.20703125 -166.015625 738.76953125
-383.7890625 -166.50390625 742.1875
-376.953125 -161.1328125 758.30078125
-374.0234375 -154.296875 779.78515625
-362.3046875 -145.5078125 809.08203125
-352.5390625 -139.16015625 837.890625
-336.9140625 -122.0703125 866.69921875
-325.1953125 -105.46875 894.53125
-308.59375 -93.75 925.78125
-281.73828125 -65.4296875 962.890625
-255.37109375 -55.17578125 986.328125
-235.83984375 -41.015625 1007.8125
-211.42578125 -24.4140625 1023.4375
-190.4296875 -9.27734375 1038.57421875
-166.50390625 6.8359375 1052.24609375
-146.484375 20.5078125 1062.5
-125.9765625 35.15625 1069.3359375
-99.609375 49.31640625 1074.21875
-76.171875 73.2421875 1083.0078125
-44.921875 88.37890625 1083.984375
-19.53125 102.5390625 1084.47265625
9.765625 118.1640625 1081.0546875
45.41015625 138.18359375 1076.171875
61.03515625 157.2265625 1067.3828125
77.63671875 164.0625 1064.94140625
83.984375 169.43359375 1061.5234375
88.8671875 170.8984375 1056.640625
96.19140625 183.10546875 1055.6640625
102.5390625 196.77734375 1053.7109375
103.02734375 204.1015625 1050.29296875
109.375 213.8671875 1044.43359375
123.046875 225.09765625 1039.0625
125.9765625 230.46875 1031.73828125
134.765625 237.79296875 1023.4375
150.390625 252.9296875 1015.13671875
154.78515625 250.48828125 1010.25390625
154.78515625 258.30078125 1007.8125
157.71484375 257.32421875 1005.37109375
159.66796875 257.8125 1007.32421875
155.76171875 253.41796875 1010.7421875
148.4375 244.62890625 1018.06640625
138.18359375 240.234375 1029.296875
116.69921875 213.37890625 1041.015625
97.65625 195.80078125 1052.734375
77.63671875 180.17578125 1064.453125
52.24609375 157.2265625 1074.21875
27.83203125 137.20703125 1078.125
-8.7890625 113.28125 1085.9375
-33.69140625 88.8671875 1082.51953125
-57.12890625 75.68359375 1081.0546875
-82.03125 54.6875 1078.125
-103.02734375 30.76171875 1068.359375
-128.90625 7.32421875 1061.03515625
-149.90234375 -5.859375 1046.38671875
-175.78125 -24.4140625 1029.296875
-202.63671875 -39.55078125 1012.6953125
-225.09765625 -51.26953125 999.0234375
-248.046875 -65.91796875 978.515625
-270.01953125 -82.03125 958.984375
-288.57421875 -90.8203125 933.59375
-316.40625 -109.86328125 899.90234375
-336.9140625 -116.2109375 874.0234375
-352.05078125 -125.9765625 848.6328125
-365.72265625 -136.71875 821.2890625
-378.41796875 -143.5546875 798.828125
-386.23046875 -150.87890625 770.99609375
-393.5546875 -154.296875 751.46484375
-401.3671875 -159.1796875 727.05078125
-407.71484375 -166.50390625 704.58984375
-407.2265625 -165.52734375 683.59375
-412.109375 -173.33984375 665.52734375
-407.71484375 -177.734375 645.01953125
-413.0859375 -175.29296875 634.765625
-412.109375 -176.26953125 632.8125
-413.0859375 -176.26953125 643.06640625
-416.50390625 -166.9921875 660.15625
-413.57421875 -161.1328125 683.10546875
-414.0625 -157.71484375 707.51953125
-408.69140625 -146.97265625 736.81640625
-401.3671875 -138.18359375 769.04296875
-388.671875 -127.9296875 800.29296875
-382.8125 -114.2578125 831.54296875
-370.60546875 -101.5625 863.76953125
-348.6328125 -84.47265625 894.04296875
-325.68359375 -66.40625 929.6875
-289.55078125 -37.109375 978.515625
-260.25390625 -15.625 1005.37109375
-231.4453125 -6.129722597558729e-12 1027.83203125
-199.21875 21.484375 1044.921875
-173.828125 36.62109375 1060.546875
-148.4375 50.78125 1072.265625
-118.1640625 73.73046875 1081.54296875
-92.28515625 97.65625 1088.37890625
-63.4765625 120.60546875 1090.33203125
-38.57421875 145.99609375 1091.796875
-9.765625 174.31640625 1088.37890625
16.11328125 187.98828125 1083.984375
39.0625 213.8671875 1076.66015625
68.84765625 244.62890625 1062.98828125
83.0078125 258.7890625 1053.22265625
95.703125 276.85546875 1042.96875
104.00390625 290.52734375 1030.2734375
113.76953125 304.6875 1022.94921875
118.65234375 319.3359375 1012.20703125
119.62890625 325.68359375 1007.8125
121.09375 338.8671875 1008.30078125
115.72265625 343.26171875 1006.34765625
111.328125 336.9140625 1014.16015625
99.609375 334.47265625 1021.484375
88.8671875 324.70703125 1030.2734375
73.73046875 313.96484375 1043.9453125
44.43359375 296.38671875 1063.96484375
14.6484375 278.3203125 1074.70703125
-14.6484375 255.859375 1085.44921875
-43.45703125 236.328125 1092.7734375
-76.66015625 220.21484375 1092.7734375
-109.86328125 203.125 1093.26171875
-142.578125 178.22265625 1090.8203125
-174.31640625 156.73828125 1081.0546875
-199.21875 136.71875 1073.2421875
-231.93359375 119.140625 1055.6640625
-261.71875 97.65625 1041.9921875
-285.64453125 84.47265625 1025.87890625
-308.59375 73.73046875 1003.41796875
-342.7734375 50.78125 977.05078125
-364.2578125 33.203125 952.1484375
-387.20703125 31.73828125 928.7109375
-404.296875 15.13671875 899.90234375
-423.33984375 4.8828125 872.55859375
-437.5 -1.46484375 844.23828125
-454.1015625 -6.34765625 818.84765625
-465.8203125 -10.25390625 791.015625
-479.00390625 -18.06640625 769.04296875
-484.86328125 -22.94921875 743.65234375
-486.328125 -24.4140625 728.515625
-493.1640625 -34.66796875 714.35546875
-498.046875 -36.1328125 687.5
-499.0234375 -41.50390625 670.41015625
-503.41796875 -40.0390625 649.4140625
-501.953125 -51.26953125 624.0234375
-511.23046875 -51.26953125 610.3515625
-511.71875 -46.875 605.95703125
-511.71875 -42.48046875 610.3515625
-513.671875 -30.2734375 623.53515625
-515.625 -25.390625 642.578125
-515.625 -17.08984375 668.45703125
-506.8359375 -4.39453125 697.265625
-500.9765625 4.39453125 728.515625
-498.046875 20.5078125 757.8125
-479.98046875 33.203125 805.6640625
-462.40234375 45.8984375 840.8203125
-446.2890625 53.7109375 872.55859375
-427.734375 68.359375 903.3203125
-407.71484375 81.54296875 929.6875
-386.23046875 95.703125 955.078125
-362.3046875 118.65234375 979.98046875
-340.8203125 140.13671875 1003.90625
-315.4296875 158.69140625 1020.5078125
-284.1796875 180.17578125 1039.0625
-253.90625 204.58984375 1053.7109375
-231.4453125 226.07421875 1063.96484375
-202.1484375 244.140625 1067.87109375
-165.0390625 284.1796875 1072.75390625
-137.20703125 303.22265625 1071.2890625
-104.98046875 324.21875 1070.80078125
-79.1015625 348.14453125 1058.10546875
-52.24609375 369.140625 1049.8046875
-24.4140625 377.44140625 1038.57421875
2.44140625 404.296875 1021.484375
17.08984375 418.9453125 1007.32421875
32.2265625 428.7109375 993.65234375
42.48046875 434.5703125 983.3984375
50.78125 444.3359375 973.6328125
51.26953125 451.171875 965.33203125
50.29296875 457.51953125 960.9375
41.015625 458.49609375 962.40234375
37.59765625 451.66015625 969.7265625
27.83203125 441.40625 982.91015625
15.13671875 439.94140625 994.140625
2.9296875 424.31640625 1007.32421875
-15.13671875 416.50390625 1018.5546875
-30.2734375 402.83203125 1029.78515625
-50.29296875 390.625 1041.9921875
-67.3828125 376.46484375 1048.33984375
-89.35546875 362.3046875 1054.19921875
-109.375 349.609375 1057.6171875
-133.30078125 333.49609375 1060.05859375
-169.921875 310.546875 1061.5234375
-197.75390625 297.8515625 1059.5703125
-225.09765625 276.85546875 1057.6171875
-252.44140625 254.39453125 1045.8984375
-277.83203125 233.3984375 1035.15625
-307.12890625 206.0546875 1020.01953125
-327.63671875 186.03515625 1009.765625
-349.12109375 170.8984375 992.67578125
-370.60546875 157.71484375 976.5625
-384.27734375 146.97265625 958.49609375
-403.3203125 141.6015625 937.5
-419.43359375 138.18359375 919.43359375
-432.12890625 128.41796875 898.4375
-454.58984375 120.1171875 875.48828125
-460.44921875 112.79296875 856.93359375
-471.19140625 100.09765625 839.35546875
-481.93359375 86.42578125 815.4296875
-494.62890625 77.63671875 790.0390625
-501.953125 69.82421875 767.08984375
-512.6953125 73.2421875 738.76953125
-520.01953125 68.359375 717.7734375
-523.92578125 69.82421875 702.1484375
-526.3671875 68.84765625 687.01171875
-530.2734375 73.2421875 684.5703125
-530.76171875 79.1015625 690.91796875
-527.34375 83.49609375 708.0078125
-515.13671875 95.21484375 745.1171875
-504.39453125 103.02734375 781.73828125
-490.234375 109.86328125 812.5
-473.14453125 125.48828125 848.6328125
-459.47265625 135.7421875 876.953125
-437.01171875 156.73828125 904.78515625
-416.50390625 172.8515625 932.6171875
-386.71875 186.5234375 959.9609375
-360.3515625 199.21875 983.3984375
-336.9140625 211.9140625 1001.46484375
-307.6171875 227.05078125 1021.97265625
-278.80859375 238.76953125 1037.109375
-251.46484375 259.27734375 1049.8046875
-206.0546875 292.96875 1055.6640625
-178.7109375 314.453125 1062.5
-144.53125 338.8671875 1059.08203125
-113.76953125 351.5625 1057.12890625
-85.9375 373.046875 1043.9453125
-64.94140625 398.92578125 1034.66796875
-45.41015625 416.015625 1019.53125
-25.390625 436.5234375 1000.0
-13.671875 454.58984375 985.83984375
-1.46484375 470.703125 966.796875
11.71875 485.3515625 946.2890625
25.87890625 497.0703125 926.7578125
45.41015625 516.6015625 892.578125
57.6171875 524.90234375 869.62890625
67.87109375 524.90234375 845.703125
76.66015625 533.69140625 831.0546875
83.0078125 531.73828125 818.84765625
84.9609375 532.71484375 815.4296875
87.40234375 526.3671875 819.82421875
83.984375 527.83203125 828.61328125
83.49609375 523.92578125 849.609375
73.73046875 510.7421875 872.55859375
62.5 504.8828125 894.53125
50.29296875 494.140625 918.9453125
30.2734375 483.88671875 942.87109375
3.41796875 466.796875 976.07421875
-20.99609375 447.75390625 993.1640625
-46.875 436.03515625 1006.34765625
-69.82421875 414.0625 1022.4609375
-95.21484375 405.76171875 1030.2734375
-115.234375 382.32421875 1039.0625
-137.20703125 366.69921875 1047.36328125
-153.3203125 352.05078125 1051.7578125
-174.31640625 333.0078125 1054.6875
-193.359375 310.05859375 1057.12890625
-208.49609375 291.9921875 1056.640625
-232.91015625 263.671875 1053.22265625
-254.39453125 245.60546875 1050.78125
-290.52734375 218.75 1032.2265625
-321.2890625 197.75390625 1013.671875
-345.21484375 186.5234375 993.65234375
-369.140625 172.36328125 975.5859375
-387.20703125 162.109375 955.56640625
-404.78515625 147.94921875 932.12890625
-425.29296875 142.08984375 917.96875
-438.96484375 126.953125 894.53125
-457.03125 120.60546875 873.046875
-465.33203125 112.79296875 849.609375
-476.5625 105.95703125 833.984375
-482.421875 102.05078125 826.66015625
-484.375 103.02734375 820.3125
-477.05078125 98.14453125 835.9375
-464.35546875 105.46875 850.5859375
-453.61328125 107.421875 872.55859375
-437.5 113.28125 896.484375
-419.43359375 129.8828125 923.33984375
-396.484375 140.625 951.66015625
-368.65234375 160.64453125 979.4921875
-338.8671875 177.24609375 1006.34765625
-309.5703125 188.96484375 1027.34375
-274.90234375 208.984375 1041.015625
-248.53515625 219.23828125 1056.15234375
-220.703125 237.3046875 1066.40625
-193.359375 251.46484375 1073.2421875
-153.3203125 281.73828125 1076.66015625
-127.44140625 297.36328125 1078.61328125
-102.05078125 317.3828125 1070.3125
-77.63671875 337.890625 1065.4296875
-52.24609375 356.93359375 1055.17578125
-30.76171875 375.0 1043.9453125
-1.953125 394.04296875 1022.94921875
16.6015625 412.109375 1003.90625
41.50390625 433.10546875 981.4453125
61.03515625 452.63671875 954.58984375
74.70703125 468.75 928.22265625
86.42578125 482.421875 899.4140625
103.515625 500.48828125 860.83984375
107.91015625 511.23046875 836.42578125
115.72265625 513.671875 814.94140625
121.09375 520.01953125 790.0390625
128.90625 519.04296875 763.671875
132.8125 522.4609375 740.234375
139.6484375 531.25 715.33203125
142.578125 527.83203125 695.3125
143.06640625 526.85546875 680.6640625
153.80859375 527.83203125 670.8984375
154.78515625 518.06640625 668.9453125
164.0625 521.97265625 683.59375
166.9921875 514.16015625 708.49609375
165.52734375 498.046875 764.6484375
163.0859375 491.69921875 810.05859375
147.94921875 475.09765625 855.46875
130.859375 463.37890625 893.5546875
109.86328125 447.75390625 929.19921875
94.23828125 434.08203125 956.54296875
68.84765625 423.828125 980.95703125
51.7578125 409.1796875 1000.9765625
30.76171875 397.4609375 1017.578125
9.765625 373.046875 1035.64453125
-8.30078125 364.74609375 1047.8515625
-29.78515625 339.35546875 1062.98828125
-59.5703125 311.5234375 1076.66015625
-98.6328125 282.2265625 1084.9609375
-126.46484375 249.51171875 1090.33203125
-152.34375 223.14453125 1087.890625
-173.828125 199.70703125 1085.44921875
-198.2421875 149.4140625 1186.5234375
-212.890625 108.88671875 1222.16796875
-236.328125 109.375 1159.1796875
-257.32421875 91.796875 1147.4609375
-275.87890625 52.734375 1186.03515625
-294.921875 24.4140625 1179.6875
-307.12890625 9.765625 1162.59765625
-315.91796875 -3.41796875 1152.83203125
-324.70703125 -12.20703125 1141.6015625
-341.796875 -32.2265625 1121.58203125
-351.07421875 -44.43359375 1114.74609375
-361.81640625 -44.921875 1114.2578125
-352.5390625 -46.875 1113.28125
-345.703125 -42.96875 1119.62890625
-330.56640625 -36.1328125 1134.27734375
-317.3828125 -24.4140625 1151.85546875
-295.41015625 -12.20703125 1167.48046875
-270.99609375 8.30078125 1187.01171875
-239.74609375 24.90234375 1207.51953125
-206.54296875 48.33984375 1222.65625
-172.8515625 117.67578125 1087.40234375
-105.95703125 137.20703125 1093.26171875
-63.96484375 149.90234375 1095.21484375
-28.3203125 166.50390625 1091.796875
7.8125 185.546875 1087.890625
36.1328125 199.21875 1078.61328125
69.3359375 216.30859375 1064.94140625
98.6328125 241.69921875 1049.31640625
122.55859375 264.16015625 1029.296875
155.2734375 284.1796875 1000.0
184.08203125 300.78125 966.796875
207.51953125 326.171875 930.6640625
228.515625 336.9140625 885.7421875
245.1171875 350.09765625 843.26171875
263.671875 365.234375 779.78515625
272.4609375 363.76953125 742.1875
273.4375 365.72265625 712.40234375
282.71484375 369.62890625 687.98828125
282.71484375 366.2109375 666.015625
280.76171875 363.76953125 652.34375
283.69140625 360.3515625 645.5078125
283.203125 355.95703125 643.5546875
288.57421875 353.515625 645.99609375
286.1328125 345.21484375 656.73828125
290.52734375 342.7734375 674.31640625
291.015625 339.35546875 698.2421875
290.0390625 341.796875 726.07421875
280.2734375 326.171875 778.80859375
276.3671875 312.5 820.3125
264.16015625 294.43359375 859.375
249.51171875 278.3203125 899.90234375
230.46875 264.16015625 937.01171875
205.56640625 234.375 971.19140625
184.08203125 223.6328125 993.1640625
164.0625 208.0078125 1014.6484375
136.71875 189.94140625 1033.203125
113.28125 176.7578125 1048.33984375
81.54296875 158.203125 1062.5
51.7578125 132.8125 1070.80078125
20.01953125 107.91015625 1078.61328125
-32.71484375 64.453125 1075.1953125
-62.5 41.015625 1068.84765625
-93.26171875 15.625 1061.5234375
-121.09375 -2.44140625 1052.24609375
-145.5078125 -22.4609375 1035.64453125
-168.45703125 -38.0859375 1026.3671875
-187.5 -48.33984375 1009.27734375
-200.1953125 -62.5 993.1640625
-211.42578125 -83.984375 979.4921875
-221.6796875 -92.28515625 965.8203125
-228.515625 -104.00390625 951.66015625
-239.74609375 -114.2578125 943.84765625
-253.41796875 -123.046875 924.31640625
-259.27734375 -132.32421875 914.0625
-261.23046875 -138.671875 908.203125
-259.765625 -142.08984375 899.4140625
-258.30078125 -146.484375 896.484375
-254.8828125 -153.80859375 900.390625
-240.72265625 -149.90234375 911.1328125
-228.02734375 -139.16015625 924.8046875
-205.078125 -130.37109375 944.82421875
-181.640625 -123.046875 962.40234375
-155.76171875 -103.515625 988.28125
-131.34765625 -92.28515625 1003.90625
-101.5625 -63.4765625 1019.53125
-57.12890625 -26.85546875 1041.50390625
-18.5546875 -1.46484375 1046.875
18.06640625 16.11328125 1049.8046875
52.734375 44.921875 1049.8046875
89.35546875 67.3828125 1037.109375
123.53515625 82.51953125 1026.85546875
155.76171875 109.375 1007.32421875
187.5 133.7890625 984.375
211.42578125 150.87890625 959.9609375
237.79296875 175.29296875 929.19921875
256.34765625 188.96484375 903.80859375
275.390625 207.03125 870.60546875
285.64453125 218.26171875 841.796875
294.921875 234.86328125 795.41015625
305.17578125 236.328125 763.18359375
312.98828125 237.79296875 735.83984375
317.3828125 240.72265625 713.8671875
316.40625 237.3046875 701.66015625
317.87109375 235.83984375 689.94140625
318.359375 240.234375 687.98828125
317.3828125 238.28125 694.82421875
315.4296875 242.1875 709.47265625
314.94140625 237.79296875 730.95703125
308.59375 231.4453125 763.18359375
301.26953125 223.6328125 797.36328125
291.9921875 207.51953125 835.44921875
265.13671875 178.22265625 894.53125
243.65234375 154.78515625 925.29296875
222.16796875 139.6484375 953.125
197.75390625 120.60546875 977.05078125
170.41015625 88.8671875 994.140625
149.90234375 77.63671875 1008.7890625
125.9765625 60.546875 1018.06640625
101.5625 40.0390625 1024.4140625
78.125 23.92578125 1032.71484375
46.38671875 0.9765625 1032.71484375
23.4375 -22.4609375 1032.71484375
-5.859375 -39.55078125 1023.4375
-45.8984375 -75.1953125 1007.8125
-69.3359375 -100.5859375 993.1640625
-93.26171875 -117.67578125 979.00390625
-110.83984375 -133.30078125 965.33203125
-129.8828125 -148.4375 947.75390625
-144.53125 -165.52734375 934.08203125
-159.66796875 -173.33984375 917.96875
-180.6640625 -181.640625 902.34375
-191.40625 -184.5703125 879.8828125
-210.9375 -193.84765625 859.86328125
-227.5390625 -209.47265625 836.42578125
-242.1875 -216.30859375 814.453125
-261.23046875 -220.703125 788.0859375
-291.015625 -222.16796875 753.41796875
-302.24609375 -227.5390625 734.86328125
-308.10546875 -226.5625 720.703125
-311.5234375 -228.02734375 717.28515625
-313.96484375 -225.09765625 723.6328125
-311.03515625 -226.5625 734.86328125
-304.19921875 -220.21484375 760.25390625
-292.48046875 -215.8203125 787.59765625
-277.83203125 -202.63671875 817.3828125
-261.23046875 -195.3125 851.5625
-234.86328125 -177.24609375 879.39453125
-207.51953125 -173.828125 905.76171875
-177.734375 -161.1328125 930.6640625
-133.30078125 -132.32421875 959.9609375
-109.375 -115.234375 981.93359375
-80.078125 -101.07421875 995.60546875
-56.15234375 -82.51953125 1008.7890625
-31.73828125 -64.94140625 1019.04296875
-1.46484375 -47.36328125 1023.92578125
26.85546875 -34.66796875 1028.80859375
49.8046875 -9.27734375 1025.390625
80.56640625 7.8125 1021.484375
111.81640625 25.390625 1011.71875
139.6484375 47.8515625 1001.953125
162.59765625 68.84765625 988.28125
185.05859375 81.0546875 972.65625
206.0546875 110.83984375 956.0546875
224.12109375 117.1875 939.94140625
240.72265625 132.8125 919.43359375
255.859375 143.06640625 906.73828125
265.13671875 145.99609375 879.39453125
279.296875 155.76171875 857.421875
287.59765625 161.1328125 837.40234375
290.52734375 174.8046875 822.265625
296.875 170.8984375 819.3359375
293.9453125 171.38671875 824.70703125
287.59765625 166.50390625 840.33203125
282.2265625 156.25 861.81640625
254.39453125 142.08984375 908.69140625
229.98046875 123.53515625 940.91796875
202.1484375 106.4453125 972.65625
166.015625 82.51953125 998.046875
130.859375 57.6171875 1020.01953125
91.30859375 34.66796875 1030.76171875
54.6875 19.53125 1037.59765625
21.484375 -7.32421875 1041.015625
-14.6484375 -18.06640625 1038.57421875
-56.15234375 -43.45703125 1031.25
-94.7265625 -66.89453125 1015.13671875
-133.7890625 -97.65625 992.67578125
-166.50390625 -112.3046875 967.28515625
-209.47265625 -147.94921875 922.36328125
-233.3984375 -166.015625 888.671875
-253.90625 -183.10546875 855.95703125
-274.90234375 -192.87109375 820.3125
-295.41015625 -201.66015625 793.45703125
-312.01171875 -210.9375 766.6015625
-331.0546875 -208.984375 738.28125
-343.26171875 -204.58984375 717.28515625
-357.421875 -205.078125 692.87109375
-366.2109375 -205.56640625 666.50390625
-370.1171875 -203.125 645.5078125
-375.48828125 -206.0546875 627.9296875
-378.90625 -207.51953125 614.2578125
-389.16015625 -201.66015625 617.67578125
-387.20703125 -195.80078125 629.8828125
-386.71875 -195.80078125 650.390625
-384.27734375 -191.40625 676.26953125
-375.48828125 -184.08203125 709.47265625
-367.1875 -185.546875 746.58203125
-352.05078125 -170.8984375 785.15625
-333.0078125 -165.0390625 820.80078125
-316.89453125 -149.90234375 854.98046875
-295.41015625 -145.01953125 880.859375
-281.25 -127.9296875 908.203125
-257.32421875 -113.76953125 937.01171875
-232.91015625 -96.6796875 963.37890625
-192.87109375 -64.94140625 1002.44140625
-159.66796875 -40.52734375 1028.3203125
-128.90625 -15.13671875 1046.875
-90.33203125 20.01953125 1066.89453125
-52.24609375 45.41015625 1073.73046875
-22.94921875 80.078125 1080.56640625
8.30078125 118.1640625 1080.56640625
34.1796875 143.06640625 1078.125
56.15234375 165.52734375 1070.80078125
64.453125 175.29296875 1069.3359375
64.453125 176.7578125 1068.84765625
61.03515625 178.7109375 1070.3125
41.015625 160.15625 1078.125
21.97265625 149.90234375 1084.47265625
-10.7421875 135.25390625 1088.8671875
-43.45703125 117.1875 1089.35546875
-76.171875 102.05078125 1088.37890625
-107.421875 77.63671875 1082.51953125
-135.7421875 62.98828125 1073.2421875
-163.0859375 51.7578125 1067.3828125
-188.96484375 31.73828125 1052.734375
-212.40234375 30.76171875 1040.52734375
-238.28125 20.01953125 1029.296875
-264.6484375 18.06640625 1014.6484375
-291.9921875 11.23046875 995.1171875
-338.37890625 9.27734375 961.42578125
-368.1640625 11.71875 936.5234375
-392.08984375 14.16015625 916.9921875
-412.109375 31.73828125 902.83203125
-427.734375 46.875 892.08984375
-439.453125 74.21875 892.08984375
-438.96484375 104.4921875 896.484375
-437.98828125 131.34765625 908.69140625
-423.33984375 163.57421875 924.31640625
-404.78515625 191.40625 943.84765625
-383.30078125 212.890625 967.7734375
-353.515625 245.1171875 984.375
-322.265625 276.3671875 1002.9296875
-269.53125 319.82421875 1020.5078125
-235.83984375 342.28515625 1029.78515625
-201.171875 365.72265625 1031.73828125
-161.1328125 384.27734375 1032.2265625
-125.9765625 387.6953125 1030.2734375
-96.19140625 396.97265625 1028.80859375
-63.96484375 413.0859375 1027.34375
-44.921875 414.0625 1020.99609375
-25.390625 415.52734375 1013.671875
-16.6015625 416.9921875 1011.23046875
-8.7890625 422.36328125 1010.25390625
-8.7890625 420.8984375 1009.765625
-12.20703125 422.8515625 1011.23046875
-26.3671875 427.734375 1011.23046875
-40.52734375 425.29296875 1012.6953125
-59.5703125 428.22265625 1018.5546875
-80.56640625 414.0625 1023.92578125
-102.05078125 398.92578125 1032.71484375
-129.8828125 375.0 1042.96875
-152.34375 350.5859375 1054.19921875
-175.78125 323.2421875 1060.05859375
-200.68359375 291.9921875 1059.5703125
-227.5390625 258.30078125 1058.10546875
-243.65234375 224.609375 1054.19921875
-259.27734375 191.89453125 1051.26953125
-266.6015625 149.90234375 1046.38671875
-264.16015625 121.58203125 1047.36328125
-258.7890625 100.09765625 1044.921875
-248.046875 82.51953125 1042.48046875
-245.1171875 66.89453125 1043.45703125
-240.72265625 47.36328125 1037.109375
-241.69921875 30.2734375 1032.71484375
-239.2578125 17.578125 1026.85546875
-242.1875 3.90625 1021.484375
-236.328125 -12.6953125 1018.06640625
-236.81640625 -19.04296875 1012.6953125
-234.86328125 -29.78515625 1008.7890625
-230.46875 -36.62109375 1008.30078125
-217.7734375 -43.9453125 1008.7890625
-209.47265625 -46.38671875 1009.765625
-199.70703125 -43.9453125 1010.7421875
-187.5 -48.828125 1017.578125
-177.734375 -42.96875 1022.94921875
-167.48046875 -41.50390625 1025.87890625
-153.80859375 -33.203125 1031.73828125
-141.6015625 -25.87890625 1035.64453125
-130.37109375 -20.5078125 1041.50390625
-120.60546875 -21.484375 1042.96875
-115.72265625 -16.6015625 1044.43359375
-110.3515625 -17.578125 1048.33984375
-111.328125 -13.18359375 1048.33984375
-115.234375 -6.8359375 1052.24609375
-111.81640625 -8.30078125 1051.26953125
-107.91015625 -4.39453125 1053.22265625
-104.00390625 -8.7890625 1051.26953125
-104.00390625 -15.13671875 1049.8046875
-104.98046875 -25.390625 1045.41015625
-106.93359375 -26.3671875 1043.9453125
-107.421875 -27.34375 1041.015625
-109.375 -33.203125 1039.0625
-117.1875 -42.48046875 1034.66796875
-120.1171875 -40.0390625 1032.2265625
-124.51171875 -39.55078125 1035.15625
-125.9765625 -32.71484375 1033.203125
-127.9296875 -26.85546875 1039.55078125
-130.37109375 -19.53125 1043.45703125
-133.7890625 -14.6484375 1047.36328125
-138.671875 -12.6953125 1046.38671875
-146.484375 -12.6953125 1043.9453125
-153.80859375 -14.16015625 1045.41015625
-162.109375 -2.44140625 1044.43359375
-172.36328125 -0.48828125 1042.96875
-188.96484375 -3.90625 1040.0390625
-198.2421875 -0.48828125 1035.15625
-208.984375 -3.90625 1033.69140625
-213.8671875 -1.953125 1029.296875
-220.21484375 -0.48828125 1028.80859375
-220.703125 5.37109375 1030.2734375
-217.7734375 10.25390625 1033.69140625
-218.26171875 8.30078125 1035.15625
-213.8671875 12.20703125 1037.109375
-213.8671875 9.765625 1038.57421875
-211.42578125 15.13671875 1040.52734375
-212.40234375 22.94921875 1044.921875
-205.078125 17.578125 1042.96875
-208.0078125 24.4140625 1046.38671875
-204.1015625 25.390625 1047.8515625
-204.1015625 30.2734375 1046.875
-201.66015625 38.0859375 1049.8046875
-208.49609375 32.2265625 1047.8515625
-215.33203125 30.76171875 1041.50390625
-223.14453125 30.76171875 1041.50390625
-230.95703125 31.73828125 1036.62109375
-238.76953125 33.203125 1035.15625
-247.55859375 27.83203125 1033.69140625
-256.8359375 30.76171875 1025.87890625
-256.8359375 21.97265625 1025.87890625
-253.41796875 20.99609375 1026.85546875
-252.44140625 20.99609375 1025.390625
-253.41796875 18.06640625 1023.92578125
-253.90625 18.5546875 1021.484375
-253.90625 20.01953125 1021.484375
-257.8125 18.06640625 1020.99609375
-253.90625 17.08984375 1020.5078125
-255.37109375 12.20703125 1023.4375
-252.44140625 16.6015625 1019.04296875
-255.37109375 10.25390625 1022.4609375
-256.34765625 11.71875 1020.5078125
-255.859375 17.08984375 1023.92578125
-254.39453125 16.6015625 1020.01953125
-253.90625 17.08984375 1019.53125
-253.90625 17.578125 1019.53125
-254.39453125 9.765625 1018.5546875
-252.44140625 13.18359375 1018.5546875
-257.32421875 8.7890625 1019.04296875
-253.41796875 16.11328125 1019.04296875
-257.32421875 14.16015625 1020.01953125
-253.90625 19.04296875 1021.484375
-253.90625 22.4609375 1023.4375
-261.23046875 20.5078125 1020.01953125
-265.625 15.625 1014.6484375
-275.390625 14.6484375 1010.7421875
-287.109375 9.27734375 1003.90625
-296.38671875 10.25390625 992.67578125
-309.5703125 8.30078125 989.74609375
-317.87109375 12.20703125 979.98046875
-334.47265625 16.6015625 970.21484375
-356.93359375 17.08984375 953.125
-369.140625 19.53125 941.89453125
-387.20703125 26.85546875 929.6875
-398.4375 30.76171875 914.55078125
-411.62109375 34.1796875 903.80859375
-423.828125 33.203125 889.16015625
-431.15234375 41.9921875 876.46484375
-444.82421875 43.45703125 868.1640625
-450.1953125 54.19921875 858.88671875
-459.9609375 53.7109375 847.65625
-464.84375 55.17578125 843.75
-462.890625 57.12890625 838.37890625
-468.26171875 65.91796875 840.8203125
-473.6328125 69.82421875 831.54296875
-472.16796875 75.1953125 831.54296875
-479.00390625 78.61328125 831.0546875
-475.09765625 76.171875 825.1953125
-477.5390625 70.80078125 821.77734375
-480.95703125 65.4296875 816.40625
-484.375 58.59375 810.546875
-485.3515625 54.6875 801.26953125
-484.86328125 48.33984375 793.9453125
-490.72265625 36.62109375 788.57421875
-487.3046875 37.109375 781.25
-486.328125 31.73828125 780.2734375
-487.3046875 35.15625 777.34375
-496.09375 55.17578125 780.2734375
-498.046875 74.21875 778.80859375
-504.8828125 96.19140625 774.4140625
-511.71875 121.58203125 767.578125
-518.5546875 135.7421875 756.34765625
-521.484375 157.71484375 745.60546875
-527.34375 177.24609375 729.98046875
-530.2734375 189.94140625 720.703125
-531.25 199.21875 707.03125
-538.57421875 194.3359375 695.80078125
-540.52734375 182.6171875 685.546875
-541.015625 156.25 673.33984375
-544.43359375 134.27734375 658.203125
-544.921875 85.44921875 638.671875
-540.0390625 52.734375 630.859375
-534.1796875 28.3203125 626.46484375
-522.4609375 -3.90625 629.39453125
-516.6015625 -21.484375 632.8125
-502.44140625 -42.96875 650.87890625
-496.09375 -54.6875 667.96875
-486.81640625 -58.10546875 684.5703125
-483.3984375 -58.59375 704.1015625
-485.3515625 -46.875 716.796875
-488.76953125 -35.64453125 724.609375
-494.62890625 -17.08984375 725.09765625
-503.90625 4.39453125 717.28515625
-517.578125 36.1328125 705.078125
-530.2734375 63.96484375 691.40625
-530.2734375 77.1484375 684.08203125
-540.0390625 94.7265625 680.6640625
-540.52734375 108.88671875 674.31640625
-539.55078125 115.72265625 663.0859375
-543.9453125 130.859375 652.83203125
-550.78125 137.6953125 630.859375
-567.87109375 113.28125 703.125
-566.89453125 95.703125 720.703125
-563.4765625 111.81640625 635.7421875
-562.5 110.3515625 604.4921875
-562.5 83.984375 620.1171875
-557.12890625 80.078125 593.75
-549.31640625 78.61328125 567.3828125
-542.48046875 70.3125 538.57421875
-529.78515625 62.01171875 513.18359375
-522.4609375 51.26953125 494.140625
-512.20703125 43.45703125 476.5625
-560.05859375 35.64453125 464.35546875
-492.1875 22.94921875 449.21875
-485.83984375 9.765625 439.94140625
-475.09765625 -4.39453125 434.08203125
-468.26171875 -20.5078125 430.6640625
-469.7265625 -27.83203125 428.7109375
-467.7734375 -21.484375 426.26953125
-466.796875 -2.44140625 419.43359375
-465.33203125 8.30078125 409.66796875
-446.77734375 71.2890625 242.1875
-447.75390625 94.23828125 237.79296875
-442.87109375 116.69921875 230.95703125
-440.4296875 139.16015625 230.95703125
-436.03515625 166.015625 226.5625
-433.59375 180.6640625 227.05078125
-438.4765625 185.05859375 231.4453125
-443.359375 183.10546875 238.28125
-448.2421875 172.36328125 240.234375
-453.125 163.0859375 249.0234375
-462.890625 149.90234375 252.9296875
-465.33203125 139.6484375 256.34765625
-464.84375 128.90625 263.18359375
-466.30859375 113.76953125 267.08984375
-474.12109375 96.19140625 274.90234375
-480.46875 84.9609375 284.1796875
-480.46875 70.80078125 295.8984375
-480.46875 55.17578125 306.640625
-489.2578125 34.1796875 325.1953125
-493.1640625 19.53125 341.796875
-496.58203125 5.859375 362.3046875
-496.58203125 -10.25390625 380.859375
-500.0 -27.34375 402.34375
-498.046875 -35.64453125 416.9921875
-501.953125 -42.96875 435.546875
-500.9765625 -48.828125 450.68359375
-498.53515625 -62.01171875 469.23828125
-498.046875 -64.453125 481.93359375
-495.1171875 -65.4296875 500.0
-499.51171875 -73.2421875 515.625
-496.09375 -77.63671875 534.1796875
-493.1640625 -76.66015625 556.640625
-495.60546875 -76.171875 574.21875
-494.140625 -71.2890625 593.75
-493.1640625 -75.1953125 614.2578125
-493.1640625 -64.94140625 646.484375
-490.234375 -58.59375 669.921875
-485.83984375 -50.78125 695.3125
-476.5625 -46.38671875 721.6796875
-472.16796875 -46.38671875 748.046875
-466.30859375 -38.57421875 765.13671875
-456.54296875 -32.2265625 792.96875
-447.75390625 -30.76171875 813.4765625
-435.05859375 -20.01953125 837.40234375
-423.828125 -17.578125 861.328125
-411.1328125 -1.46484375 883.7890625
-395.5078125 9.765625 907.2265625
-375.0 15.13671875 936.5234375
-338.37890625 36.62109375 974.12109375
-311.03515625 37.59765625 996.09375
-282.71484375 47.8515625 1015.13671875
-252.44140625 52.24609375 1031.73828125
-219.23828125 50.78125 1047.36328125
-191.89453125 60.546875 1059.08203125
-161.1328125 65.4296875 1069.82421875
-133.7890625 70.80078125 1072.265625
-111.328125 69.3359375 1078.61328125
-99.12109375 75.68359375 1080.078125
-91.30859375 76.66015625 1078.125
-92.28515625 68.84765625 1076.66015625
-102.5390625 62.01171875 1074.21875
-122.55859375 58.59375 1073.2421875
-133.30078125 55.6640625 1072.265625
-155.76171875 48.828125 1066.40625
-178.7109375 41.015625 1056.640625
-201.66015625 32.2265625 1047.36328125
-225.09765625 31.25 1038.0859375
-251.953125 24.90234375 1022.4609375
-282.71484375 21.97265625 1001.46484375
-311.5234375 16.11328125 982.91015625
-338.37890625 14.6484375 958.984375
-365.234375 10.25390625 932.6171875
-390.13671875 1.953125 904.296875
-416.9921875 -5.37109375 868.1640625
-433.10546875 -12.20703125 842.7734375
-444.82421875 -16.6015625 820.3125
-455.56640625 -26.85546875 802.734375
-465.8203125 -31.73828125 780.76171875
-470.703125 -37.59765625 761.23046875
-476.07421875 -38.0859375 750.0
-477.5390625 -34.1796875 744.62890625
-475.09765625 -34.1796875 745.60546875
-472.65625 -35.64453125 752.44140625
-465.33203125 -36.1328125 766.6015625
-453.61328125 -38.57421875 783.69140625
-444.3359375 -44.43359375 798.828125
-427.734375 -53.7109375 821.2890625
-411.62109375 -59.08203125 834.9609375
-401.3671875 -63.4765625 846.6796875
-390.13671875 -69.82421875 858.88671875
-375.9765625 -74.70703125 868.1640625
-365.72265625 -81.54296875 880.37109375
-361.328125 -81.54296875 885.7421875
-348.6328125 -84.9609375 892.08984375
-345.21484375 -80.56640625 900.390625
-337.40234375 -81.54296875 899.90234375
-334.47265625 -83.49609375 901.3671875
-341.796875 -79.58984375 903.3203125
-343.75 -67.87109375 902.83203125
-350.09765625 -61.03515625 906.25
-358.3984375 -54.19921875 908.203125
-361.81640625 -43.9453125 912.109375
-370.1171875 -29.78515625 913.57421875
-369.62890625 -23.92578125 917.48046875
-372.55859375 -14.6484375 922.36328125
-372.55859375 -1.953125 926.7578125
-372.55859375 12.20703125 930.6640625
-374.51171875 18.5546875 935.05859375
-368.65234375 27.34375 943.84765625
-362.79296875 28.80859375 949.21875
-357.421875 32.71484375 955.078125
-354.00390625 30.2734375 963.37890625
-348.6328125 33.69140625 963.8671875
-340.8203125 39.0625 970.21484375
-339.84375 35.15625 973.6328125
-335.9375 37.109375 974.609375
-327.63671875 31.73828125 980.95703125
-323.2421875 34.66796875 988.76953125
-310.05859375 40.0390625 997.55859375
-299.31640625 38.57421875 1006.34765625
-284.66796875 41.50390625 1013.671875
-279.78515625 45.8984375 1018.5546875
-270.01953125 41.015625 1021.97265625
-260.7421875 41.9921875 1025.390625
-254.39453125 37.59765625 1027.34375
-248.53515625 41.50390625 1030.76171875
-241.2109375 39.0625 1035.15625
-231.4453125 34.1796875 1040.52734375
-221.6796875 40.52734375 1041.9921875
-212.40234375 32.2265625 1046.38671875
-206.0546875 33.203125 1045.41015625
-195.80078125 30.2734375 1050.29296875
-188.96484375 29.296875 1051.26953125
-178.7109375 28.3203125 1048.33984375
-167.96875 18.06640625 1052.734375
-160.64453125 16.6015625 1050.29296875
-144.04296875 14.6484375 1053.22265625
-122.55859375 1.953125 1053.7109375
-105.95703125 -1.953125 1054.19921875
-84.9609375 -1.953125 1051.7578125
-61.5234375 -6.34765625 1050.78125
-38.57421875 -20.01953125 1046.875
-21.484375 -23.92578125 1039.0625
1.953125 -31.73828125 1033.203125
18.5546875 -39.0625 1022.94921875
31.25 -41.9921875 1015.625
44.43359375 -48.33984375 1008.7890625
50.29296875 -53.22265625 1000.9765625
62.5 -52.734375 991.2109375
72.75390625 -55.6640625 985.83984375
94.7265625 -56.640625 970.21484375
103.515625 -65.91796875 967.7734375
113.28125 -60.05859375 959.47265625
120.60546875 -65.91796875 955.078125
124.51171875 -68.359375 947.75390625
132.32421875 -67.3828125 938.96484375
139.16015625 -65.4296875 931.15234375
147.4609375 -72.75390625 924.31640625
156.25 -69.3359375 912.59765625
161.1328125 -74.21875 901.3671875
168.45703125 -74.70703125 890.13671875
170.8984375 -81.0546875 878.90625
174.8046875 -84.9609375 861.81640625
183.10546875 -89.35546875 854.00390625
185.05859375 -94.7265625 850.5859375
183.59375 -87.40234375 851.07421875
187.5 -94.7265625 857.91015625
175.29296875 -91.30859375 869.62890625
166.015625 -79.58984375 891.6015625
151.3671875 -73.2421875 916.50390625
131.34765625 -70.80078125 934.5703125
115.234375 -61.5234375 957.03125
93.75 -53.22265625 976.5625
74.70703125 -43.9453125 993.1640625
62.01171875 -28.80859375 1011.23046875
54.19921875 3.41796875 1030.2734375
51.26953125 22.94921875 1043.9453125
51.26953125 46.875 1047.8515625
55.6640625 64.94140625 1053.7109375
62.01171875 82.03125 1057.12890625
74.21875 99.12109375 1058.10546875
82.03125 126.953125 1060.05859375
79.58984375 146.97265625 1061.03515625
82.51953125 167.48046875 1061.5234375
91.796875 183.59375 1058.10546875
89.35546875 195.80078125 1057.12890625
84.9609375 204.58984375 1056.640625
77.1484375 218.75 1060.546875
71.2890625 236.81640625 1061.03515625
69.3359375 252.9296875 1058.59375
79.58984375 277.34375 1051.26953125
90.8203125 285.15625 1041.9921875
96.6796875 305.6640625 1030.2734375
104.4921875 327.1484375 1018.06640625
107.421875 344.7265625 1009.765625
107.91015625 355.95703125 1001.46484375
110.83984375 364.74609375 994.140625
112.3046875 378.90625 987.3046875
115.234375 385.7421875 978.02734375
118.65234375 387.20703125 972.16796875
130.859375 396.484375 962.40234375
137.6953125 395.99609375 955.56640625
143.5546875 398.92578125 945.3125
153.3203125 402.83203125 934.5703125
155.2734375 406.73828125 928.7109375
159.1796875 405.2734375 921.875
166.9921875 408.203125 913.0859375
175.29296875 407.71484375 902.34375
187.98828125 406.25 891.6015625
194.82421875 403.3203125 879.39453125
209.9609375 404.296875 863.76953125
221.19140625 394.53125 848.14453125
232.421875 390.13671875 832.03125
249.51171875 380.859375 817.87109375
252.44140625 363.76953125 815.4296875
260.7421875 362.79296875 811.5234375
266.6015625 353.515625 810.546875
268.5546875 342.28515625 811.5234375
272.94921875 334.9609375 810.05859375
268.06640625 334.9609375 812.01171875
270.5078125 331.0546875 813.96484375
269.04296875 337.40234375 825.1953125
258.7890625 331.0546875 837.890625
251.953125 336.9140625 855.95703125
238.76953125 336.42578125 879.39453125
226.5625 332.03125 905.76171875
194.82421875 331.54296875 944.82421875
170.8984375 338.8671875 970.21484375
142.578125 335.9375 994.62890625
109.375 335.9375 1017.08984375
74.70703125 342.28515625 1031.73828125
36.62109375 343.26171875 1044.921875
2.9296875 342.7734375 1053.7109375
-26.85546875 350.09765625 1060.546875
-59.5703125 352.5390625 1058.10546875
-82.51953125 353.515625 1058.59375
-98.6328125 347.65625 1061.5234375
-95.21484375 341.796875 1061.5234375
-86.42578125 339.35546875 1063.96484375
-58.10546875 332.51953125 1067.87109375
-29.296875 325.1953125 1064.453125
-5.859375 324.70703125 1063.96484375
18.5546875 322.75390625 1060.546875
40.0390625 312.01171875 1053.22265625
64.94140625 299.8046875 1049.31640625
85.44921875 290.0390625 1040.52734375
102.5390625 280.76171875 1041.50390625
113.76953125 271.97265625 1034.66796875
122.55859375 263.671875 1032.71484375
125.9765625 250.48828125 1030.76171875
130.859375 243.65234375 1026.85546875
132.32421875 245.60546875 1027.83203125
144.04296875 237.79296875 1027.34375
146.97265625 234.86328125 1021.97265625
143.06640625 225.09765625 1024.90234375
131.8359375 225.09765625 1033.203125
110.83984375 219.23828125 1049.31640625
75.68359375 226.07421875 1064.453125
38.0859375 227.05078125 1078.61328125
-9.27734375 237.3046875 1087.40234375
-41.9921875 243.65234375 1089.84375
-75.1953125 247.0703125 1092.28515625
-111.328125 242.67578125 1088.8671875
-153.3203125 239.2578125 1080.078125
-210.44921875 233.3984375 1065.91796875
-248.53515625 229.98046875 1047.36328125
-286.62109375 218.26171875 1027.83203125
-329.58984375 213.37890625 1007.8125
-353.515625 199.21875 986.328125
-374.51171875 178.7109375 972.65625
-381.8359375 168.45703125 964.84375
-370.60546875 154.296875 974.609375
-351.5625 132.8125 987.79296875
-327.1484375 117.67578125 1008.7890625
-294.921875 95.21484375 1025.390625
-251.46484375 74.21875 1040.0390625
-209.9609375 56.15234375 1054.19921875
-149.4140625 25.390625 1062.01171875
-110.83984375 20.01953125 1060.546875
-82.51953125 8.7890625 1061.03515625
-58.10546875 -0.48828125 1057.6171875
-51.26953125 -1.953125 1056.15234375
-43.9453125 -5.37109375 1053.7109375
-45.8984375 6.8359375 1058.59375
-52.734375 20.01953125 1064.453125
-63.96484375 45.8984375 1071.2890625
-73.2421875 72.75390625 1079.1015625
-83.984375 103.02734375 1088.8671875
-91.796875 138.671875 1091.30859375
-108.88671875 173.828125 1094.23828125
-128.90625 227.05078125 1087.890625
-143.06640625 261.23046875 1081.0546875
-160.15625 284.66796875 1071.77734375
-168.9453125 328.61328125 1056.640625
-182.6171875 353.02734375 1041.50390625
-189.94140625 378.41796875 1022.94921875
-198.2421875 404.296875 1005.37109375
-208.49609375 416.50390625 993.1640625
-217.7734375 429.19921875 980.46875
-224.12109375 426.7578125 972.16796875
-224.12109375 437.5 962.890625
-226.07421875 437.98828125 959.47265625
-223.6328125 446.77734375 960.44921875
-217.7734375 456.0546875 957.51953125
-212.890625 457.51953125 958.49609375
-210.9375 464.35546875 952.63671875
-209.47265625 464.35546875 950.68359375
-215.8203125 463.8671875 941.40625
-222.16796875 474.12109375 935.05859375
-227.5390625 476.07421875 927.734375
-227.5390625 482.91015625 920.41015625
-232.421875 491.69921875 909.1796875
-240.234375 498.046875 898.4375
-240.72265625 504.8828125 886.71875
-243.1640625 512.20703125 873.046875
-244.62890625 524.4140625 853.515625
-243.1640625 533.69140625 841.30859375
-244.140625 538.57421875 824.70703125
-240.234375 545.8984375 811.03515625
-236.81640625 558.59375 793.9453125
-233.88671875 558.59375 778.80859375
-225.09765625 567.87109375 771.97265625
-218.75 572.75390625 765.625
-204.1015625 580.56640625 755.37109375
-192.3828125 582.03125 748.53515625
-178.7109375 589.35546875 739.74609375
-158.203125 596.19140625 729.4921875
-141.11328125 598.14453125 723.6328125
-103.02734375 606.93359375 714.84375
-78.61328125 602.5390625 714.35546875
-55.6640625 604.98046875 715.33203125
-33.69140625 596.19140625 718.75
-11.23046875 593.75 722.16796875
7.8125 583.984375 729.00390625
26.85546875 576.171875 736.328125
44.921875 573.2421875 745.1171875
55.17578125 565.91796875 754.8828125
69.82421875 559.08203125 766.11328125
84.9609375 551.7578125 773.92578125
91.30859375 541.015625 780.76171875
101.07421875 537.59765625 786.62109375
110.83984375 527.34375 795.41015625
115.72265625 521.97265625 804.6875
122.0703125 519.04296875 814.94140625
125.48828125 501.953125 821.77734375
132.32421875 503.41796875 828.125
134.765625 492.1875 838.8671875
140.13671875 479.98046875 847.65625
141.6015625 471.6796875 862.79296875
141.11328125 457.03125 877.44140625
138.671875 455.078125 889.6484375
135.25390625 442.87109375 910.15625
126.46484375 435.546875 923.828125
122.0703125 425.29296875 937.5
114.74609375 416.9921875 957.51953125
109.86328125 413.0859375 964.35546875
109.86328125 408.203125 970.703125
106.4453125 398.92578125 970.21484375
105.95703125 403.80859375 969.7265625
106.4453125 405.2734375 969.23828125
111.328125 410.15625 965.8203125
118.1640625 416.015625 958.0078125
120.60546875 415.52734375 948.2421875
128.90625 422.8515625 933.10546875
133.7890625 430.17578125 925.78125
141.11328125 437.01171875 908.69140625
146.97265625 451.66015625 887.6953125
150.87890625 463.37890625 872.0703125
145.01953125 475.09765625 854.00390625
145.99609375 481.4453125 839.84375
143.06640625 495.60546875 820.3125
134.27734375 502.44140625 804.19921875
126.46484375 520.5078125 784.66796875
116.69921875 532.2265625 765.13671875
102.05078125 543.9453125 746.09375
85.9375 559.08203125 727.05078125
72.265625 569.82421875 705.56640625
54.6875 575.68359375 690.4296875
43.9453125 584.47265625 675.29296875
20.5078125 589.84375 656.25
1.953125 595.703125 640.13671875
-19.04296875 603.515625 627.44140625
-45.8984375 606.93359375 619.140625
-64.94140625 609.86328125 614.74609375
-98.14453125 604.98046875 617.1875
-117.1875 611.328125 616.69921875
-145.01953125 611.81640625 624.51171875
-167.96875 607.91015625 630.37109375
-190.4296875 606.4453125 645.01953125
-212.890625 595.703125 657.71484375
-231.4453125 588.8671875 672.8515625
-245.1171875 582.03125 689.453125
-268.06640625 568.84765625 719.7265625
-274.4140625 560.05859375 743.65234375
-284.1796875 542.48046875 769.04296875
-285.64453125 528.80859375 793.45703125
-289.0625 516.11328125 816.40625
-295.41015625 501.46484375 840.33203125
-284.66796875 495.1171875 863.76953125
-275.87890625 479.98046875 889.6484375
-257.32421875 479.4921875 911.62109375
-234.86328125 460.44921875 940.4296875
-212.40234375 453.61328125 958.49609375
-195.3125 445.3125 970.703125
-174.8046875 433.10546875 992.1875
-168.45703125 421.38671875 1002.44140625
-159.1796875 413.0859375 1009.765625
-153.80859375 406.73828125 1015.625
-150.390625 399.4140625 1021.484375
-154.78515625 382.32421875 1030.2734375
-159.1796875 380.37109375 1033.203125
-163.57421875 366.69921875 1046.875
-174.8046875 358.88671875 1039.55078125
-191.40625 350.5859375 1040.52734375
-203.61328125 333.984375 1042.48046875
-217.7734375 326.171875 1041.50390625
-229.98046875 307.12890625 1044.43359375
-251.953125 259.765625 1147.94921875
-264.16015625 220.703125 1193.84765625
-277.34375 220.21484375 1132.8125
-289.55078125 201.171875 1127.9296875
-305.17578125 158.203125 1178.7109375
-315.4296875 147.4609375 1173.828125
-324.21875 137.20703125 1168.9453125
-333.49609375 121.09375 1162.59765625
-342.28515625 115.72265625 1156.73828125
-350.5859375 101.5625 1152.34375
-359.375 89.35546875 1135.25390625
-371.09375 82.51953125 1131.8359375
-394.53125 75.68359375 1120.1171875
-407.71484375 63.4765625 1093.75
-440.91796875 56.640625 1076.171875
-437.01171875 54.19921875 1057.6171875
-454.58984375 43.9453125 1033.203125
-472.65625 37.59765625 1010.7421875
-482.91015625 29.78515625 988.28125
-492.67578125 27.34375 963.8671875
-503.41796875 15.625 881.34765625
-500.48828125 48.828125 769.53125
-507.32421875 47.8515625 730.95703125
-513.671875 40.52734375 712.890625
-521.97265625 34.1796875 684.5703125
-528.3203125 30.2734375 642.578125
-531.73828125 23.4375 612.79296875
-535.15625 22.4609375 583.0078125
-536.1328125 14.16015625 557.6171875
-533.203125 5.37109375 532.2265625
-532.2265625 0.48828125 508.7890625
-527.34375 0.48828125 483.3984375
-519.53125 -4.39453125 462.890625
-516.6015625 -7.32421875 444.3359375
-512.6953125 -11.23046875 432.12890625
-513.18359375 -7.8125 423.828125
-513.18359375 -7.8125 424.31640625
-518.06640625 0.48828125 422.36328125
-518.06640625 5.859375 433.10546875
-522.4609375 16.6015625 439.94140625
-525.390625 25.390625 444.82421875
-530.76171875 23.92578125 454.58984375
-532.2265625 28.3203125 464.84375
-533.69140625 31.25 478.515625
-540.0390625 41.9921875 494.140625
-538.0859375 50.78125 514.6484375
-542.96875 61.03515625 534.1796875
-543.45703125 76.171875 555.6640625
-549.31640625 83.49609375 568.84765625
-551.26953125 90.33203125 587.40234375
-552.24609375 119.140625 603.02734375
-549.31640625 134.27734375 616.2109375
-551.7578125 151.85546875 619.62890625
-550.78125 167.96875 629.39453125
-548.33984375 186.5234375 633.7890625
-541.9921875 199.70703125 641.6015625
-538.57421875 221.6796875 652.83203125
-534.66796875 245.60546875 658.69140625
-530.76171875 263.18359375 666.50390625
-525.87890625 280.2734375 669.43359375
-514.16015625 298.33984375 672.8515625
-513.671875 312.5 673.828125
-505.859375 329.58984375 666.50390625
-504.8828125 346.19140625 654.296875
-500.48828125 357.91015625 647.94921875
-491.2109375 373.53515625 641.6015625
-487.3046875 383.30078125 632.8125
-482.421875 395.5078125 623.046875
-476.5625 393.06640625 610.3515625
-479.4921875 395.99609375 596.19140625
-475.09765625 405.76171875 581.0546875
-480.46875 402.83203125 565.91796875
-476.5625 402.34375 550.29296875
-477.05078125 403.80859375 535.64453125
-482.421875 393.5546875 517.578125
-480.46875 395.5078125 501.46484375
-478.515625 387.6953125 485.3515625
-479.00390625 389.16015625 472.65625
-478.515625 381.34765625 458.984375
-478.515625 377.44140625 449.21875
-475.5859375 372.55859375 438.4765625
-475.5859375 366.69921875 428.7109375
-473.14453125 365.72265625 418.45703125
-472.16796875 367.67578125 406.73828125
-469.23828125 356.93359375 397.4609375
-463.37890625 364.2578125 385.25390625
-459.9609375 358.88671875 378.90625
-455.56640625 366.2109375 371.09375
-452.63671875 363.76953125 365.72265625
-447.265625 367.1875 360.3515625
-443.84765625 366.2109375 351.07421875
-443.359375 372.0703125 346.6796875
-440.4296875 369.140625 340.33203125
-435.546875 364.74609375 339.84375
-435.05859375 366.69921875 337.890625
-433.59375 370.1171875 332.51953125
-435.546875 366.69921875 334.47265625
-434.5703125 372.55859375 335.9375
-438.4765625 369.140625 336.9140625
-443.84765625 355.95703125 340.33203125
-450.68359375 355.46875 342.28515625
-458.0078125 343.26171875 350.09765625
-464.35546875 335.9375 355.46875
-470.703125 325.68359375 358.3984375
-477.05078125 320.3125 364.74609375
-479.98046875 306.15234375 365.234375
-490.72265625 294.43359375 368.65234375
-496.58203125 286.62109375 367.1875
-499.0234375 273.4375 372.0703125
-504.8828125 257.8125 373.53515625
-511.71875 244.140625 376.46484375
-513.18359375 221.19140625 380.37109375
-518.5546875 203.125 377.44140625
-525.87890625 183.10546875 381.8359375
-526.3671875 152.34375 383.30078125
-525.390625 130.859375 375.9765625
-518.5546875 107.91015625 368.1640625
-512.6953125 90.8203125 357.91015625
-507.32421875 66.89453125 344.7265625
-500.0 50.29296875 340.33203125
-493.65234375 38.0859375 333.0078125
-487.79296875 25.87890625 322.75390625
-474.609375 15.13671875 309.5703125
-463.37890625 3.41796875 300.78125
-457.03125 -9.765625 293.9453125
-445.80078125 -18.06640625 282.71484375
-435.05859375 -23.92578125 274.90234375
-417.96875 -25.87890625 252.9296875
-404.78515625 -34.66796875 238.28125
-390.13671875 -29.78515625 222.16796875
-372.55859375 -26.3671875 207.51953125
-361.81640625 -20.99609375 193.359375
-346.6796875 -16.6015625 184.08203125
-336.42578125 -9.27734375 173.828125
-331.0546875 -8.7890625 166.015625
-313.96484375 -10.25390625 159.66796875
-303.7109375 -7.32421875 151.3671875
-292.96875 -1.953125 147.4609375
-274.90234375 -5.859375 139.16015625
-258.30078125 -5.859375 134.765625
-230.46875 2.44140625 124.0234375
-220.703125 14.16015625 119.140625
-204.1015625 27.83203125 111.328125
-198.73046875 36.62109375 106.93359375
-193.359375 47.8515625 104.00390625
-188.96484375 64.94140625 101.5625
-185.546875 80.078125 99.609375
-185.546875 95.21484375 96.6796875
-178.22265625 115.72265625 95.21484375
-179.19921875 131.8359375 95.21484375
-170.8984375 153.3203125 93.26171875
-169.921875 177.734375 99.609375
-171.875 209.9609375 100.5859375
-173.828125 230.95703125 108.3984375
-181.640625 255.859375 116.2109375
-185.05859375 277.83203125 123.53515625
-195.3125 301.26953125 133.7890625
-201.66015625 316.40625 142.578125
-212.890625 325.1953125 150.87890625
-225.09765625 341.796875 159.66796875
-234.86328125 345.703125 165.52734375
-249.0234375 345.703125 172.8515625
-258.7890625 350.5859375 177.24609375
-265.13671875 357.421875 178.7109375
-275.390625 355.46875 183.59375
-284.1796875 354.4921875 187.98828125
-304.19921875 348.6328125 193.359375
-314.453125 351.07421875 198.73046875
-329.58984375 342.7734375 205.56640625
-335.44921875 335.9375 209.47265625
-348.6328125 335.9375 216.796875
-359.86328125 333.984375 222.16796875
-370.1171875 336.42578125 230.95703125
-382.32421875 331.0546875 239.74609375
-398.4375 330.078125 256.8359375
-416.9921875 333.0078125 272.4609375
-435.546875 327.63671875 290.52734375
-451.66015625 329.1015625 315.91796875
-475.09765625 318.359375 351.5625
-488.28125 313.96484375 378.41796875
-499.51171875 310.546875 415.0390625
-512.20703125 304.6875 446.2890625
-517.578125 305.17578125 479.00390625
-526.3671875 298.33984375 514.16015625
-526.85546875 294.43359375 547.36328125
-530.76171875 297.36328125 581.0546875
-526.85546875 291.015625 615.72265625
-523.92578125 285.15625 650.390625
-518.5546875 280.2734375 683.10546875
-514.6484375 274.4140625 715.33203125
-506.34765625 266.6015625 750.0
-488.28125 246.09375 799.8046875
-476.5625 236.81640625 833.49609375
-464.35546875 225.5859375 863.76953125
-444.82421875 212.890625 883.30078125
-433.10546875 197.265625 902.83203125
-428.7109375 178.22265625 916.015625
-416.50390625 166.50390625 928.7109375
-403.3203125 153.3203125 939.94140625
-395.5078125 131.34765625 950.68359375
-379.8828125 113.76953125 959.9609375
-363.76953125 92.28515625 969.7265625
-354.00390625 84.47265625 975.5859375
-336.9140625 64.94140625 987.3046875
-325.1953125 56.640625 990.234375
-320.80078125 57.12890625 996.09375
-317.3828125 54.19921875 999.51171875
-311.5234375 55.6640625 996.09375
-316.40625 47.36328125 995.60546875
-315.4296875 41.9921875 994.62890625
-311.5234375 31.73828125 993.65234375
-306.15234375 24.90234375 996.09375
-295.8984375 20.99609375 996.58203125
-284.1796875 8.30078125 1000.48828125
-267.08984375 -2.9296875 1005.859375
-250.48828125 -18.06640625 1002.9296875
-233.3984375 -24.4140625 1006.34765625
-224.12109375 -16.11328125 1013.18359375
-221.6796875 -7.32421875 1024.90234375
-219.7265625 14.16015625 1034.66796875
-221.6796875 41.015625 1044.43359375
-223.14453125 67.3828125 1049.8046875
-221.6796875 101.07421875 1059.08203125
-222.16796875 136.71875 1065.4296875
-221.6796875 166.50390625 1066.89453125
-215.8203125 193.84765625 1068.84765625
-217.7734375 221.19140625 1068.359375
-209.47265625 238.28125 1067.3828125
-207.03125 251.953125 1066.40625
-198.73046875 257.32421875 1067.3828125
-194.82421875 259.765625 1068.359375
-195.3125 270.01953125 1067.87109375
-195.3125 278.3203125 1064.94140625
-194.3359375 286.62109375 1062.01171875
-202.1484375 298.828125 1054.6875
-209.47265625 316.89453125 1044.921875
-222.16796875 324.21875 1041.015625
-234.86328125 338.8671875 1023.4375
-254.39453125 350.5859375 1010.25390625
-266.11328125 369.140625 990.72265625
-284.66796875 385.7421875 970.21484375
-296.875 411.1328125 946.2890625
-303.22265625 439.94140625 908.203125
-308.59375 465.33203125 883.30078125
-300.29296875 482.91015625 862.79296875
-285.64453125 512.6953125 840.33203125
-276.85546875 525.87890625 822.265625
-256.8359375 547.36328125 800.29296875
-239.74609375 562.98828125 786.62109375
-226.5625 574.70703125 770.5078125
-203.125 582.51953125 759.765625
-182.12890625 588.8671875 755.859375
-161.1328125 594.7265625 753.41796875
-145.01953125 596.6796875 754.39453125
-135.7421875 594.7265625 759.27734375
-127.44140625 595.21484375 761.71875
-123.046875 595.21484375 770.99609375
-126.953125 594.7265625 776.3671875
-128.90625 582.51953125 787.109375
-134.765625 579.1015625 796.875
-138.671875 578.61328125 803.22265625
-146.484375 573.73046875 811.03515625
-151.3671875 565.4296875 821.77734375
-159.1796875 567.87109375 833.0078125
-166.50390625 557.12890625 843.26171875
-178.22265625 554.6875 851.07421875
-197.75390625 535.64453125 869.62890625
-220.703125 514.6484375 888.671875
-242.1875 490.72265625 905.2734375
-260.7421875 469.7265625 919.43359375
-281.25 439.94140625 937.5
-296.875 404.78515625 948.73046875
-310.05859375 362.79296875 964.84375
-320.80078125 324.70703125 979.98046875
-325.68359375 277.34375 995.1171875
-319.3359375 230.95703125 1008.7890625
-307.12890625 180.17578125 1020.99609375
-293.45703125 133.30078125 1025.390625
-271.484375 87.890625 1033.69140625
-239.2578125 44.43359375 1034.1796875
-191.40625 -4.8828125 1035.64453125
-158.69140625 -29.78515625 1030.2734375
-127.44140625 -40.52734375 1025.87890625
-95.21484375 -55.6640625 1024.90234375
-62.5 -53.7109375 1025.390625
-37.109375 -45.41015625 1028.3203125
-13.18359375 -24.4140625 1036.62109375
7.32421875 2.44140625 1043.45703125
26.85546875 35.15625 1051.26953125
43.45703125 56.640625 1059.08203125
57.6171875 86.42578125 1061.03515625
70.3125 109.86328125 1057.6171875
86.42578125 128.90625 1054.19921875
110.3515625 152.34375 1049.31640625
117.1875 161.62109375 1041.015625
132.32421875 166.015625 1034.1796875
138.18359375 164.0625 1030.2734375
141.11328125 159.1796875 1025.390625
140.13671875 152.34375 1027.83203125
129.39453125 142.578125 1030.2734375
125.9765625 127.44140625 1033.203125
111.328125 110.3515625 1039.55078125
95.703125 90.33203125 1043.9453125
72.75390625 70.3125 1048.33984375
45.41015625 46.875 1052.24609375
1.953125 28.3203125 1059.08203125
-33.203125 17.578125 1059.5703125
-63.96484375 14.6484375 1059.08203125
-95.703125 7.8125 1057.6171875
-122.55859375 11.23046875 1055.6640625
-143.5546875 13.18359375 1053.22265625
-153.80859375 18.06640625 1056.640625
-158.203125 27.34375 1058.10546875
-152.34375 30.76171875 1063.96484375
-140.625 38.0859375 1065.4296875
-124.0234375 41.50390625 1068.359375
-110.83984375 36.62109375 1070.80078125
-87.890625 35.64453125 1067.87109375
-60.05859375 33.203125 1068.84765625
-40.0390625 33.69140625 1064.94140625
-20.99609375 29.78515625 1058.10546875
7.32421875 22.94921875 1053.22265625
31.25 15.625 1043.45703125
60.05859375 3.90625 1029.78515625
86.9140625 0.9765625 1013.671875
111.81640625 2.961406076959494e-12 994.140625
139.6484375 -7.32421875 975.5859375
152.83203125 -12.20703125 954.58984375
168.45703125 -17.08984375 939.453125
181.640625 -24.4140625 922.36328125
189.94140625 -28.80859375 907.2265625
189.94140625 -42.48046875 895.01953125
191.89453125 -49.8046875 886.71875
189.453125 -59.5703125 882.32421875
186.5234375 -67.3828125 873.046875
187.98828125 -75.1953125 865.234375
187.98828125 -91.796875 853.02734375
183.59375 -95.703125 842.28515625
188.96484375 -104.4921875 824.70703125
192.3828125 -120.60546875 805.6640625
196.77734375 -123.046875 784.66796875
202.63671875 -132.8125 758.7890625
212.40234375 -126.953125 734.375
223.14453125 -126.953125 711.42578125
230.46875 -121.58203125 682.6171875
234.86328125 -124.0234375 669.43359375
235.83984375 -120.60546875 656.73828125
238.28125 -117.67578125 653.80859375
242.67578125 -110.3515625 655.2734375
247.0703125 -101.07421875 653.3203125
251.953125 -92.28515625 652.83203125
260.25390625 -83.984375 644.04296875
265.625 -72.75390625 642.578125
272.94921875 -63.96484375 641.6015625
276.3671875 -53.7109375 644.04296875
279.78515625 -41.9921875 652.34375
283.203125 -37.59765625 667.96875
283.69140625 -31.73828125 683.10546875
281.25 -35.15625 696.77734375
278.80859375 -36.62109375 709.9609375
272.4609375 -44.43359375 720.703125
262.20703125 -56.15234375 732.91015625
254.39453125 -72.75390625 739.74609375
242.1875 -83.49609375 749.51171875
227.5390625 -96.6796875 751.953125
215.8203125 -116.2109375 751.46484375
203.125 -128.41796875 750.48828125
190.91796875 -145.99609375 750.0
179.6875 -157.2265625 745.60546875
155.2734375 -178.7109375 739.2578125
145.99609375 -186.5234375 732.421875
136.23046875 -199.70703125 722.65625
125.0 -211.42578125 706.54296875
110.83984375 -226.07421875 685.05859375
102.5390625 -239.2578125 663.0859375
87.890625 -241.69921875 634.765625
78.61328125 -251.953125 611.81640625
70.80078125 -255.37109375 583.0078125
59.08203125 -260.7421875 560.546875
50.78125 -266.11328125 530.2734375
39.55078125 -265.13671875 509.27734375
32.2265625 -264.6484375 494.62890625
29.78515625 -267.08984375 484.86328125
22.4609375 -265.625 483.88671875
20.01953125 -266.11328125 488.28125
23.4375 -266.11328125 495.1171875
20.99609375 -267.578125 504.39453125
28.3203125 -274.4140625 516.11328125
33.203125 -268.06640625 526.3671875
36.62109375 -264.6484375 534.66796875
44.43359375 -262.6953125 539.0625
50.78125 -266.11328125 546.38671875
57.12890625 -261.23046875 559.5703125
65.4296875 -259.765625 568.359375
69.82421875 -259.27734375 583.49609375
76.66015625 -256.8359375 606.93359375
79.58984375 -256.34765625 624.0234375
83.49609375 -249.51171875 642.578125
84.9609375 -250.0 666.015625
81.0546875 -248.046875 686.5234375
75.68359375 -243.1640625 708.0078125
70.3125 -239.2578125 728.515625
66.40625 -235.3515625 746.58203125
58.10546875 -230.46875 764.6484375
43.45703125 -226.5625 780.76171875
34.1796875 -218.75 801.7578125
20.5078125 -214.84375 820.80078125
-0.9765625 -211.42578125 840.8203125
-13.671875 -213.8671875 855.95703125
-29.78515625 -201.66015625 867.67578125
-38.0859375 -195.3125 884.27734375
-50.78125 -187.01171875 897.4609375
-57.6171875 -179.6875 910.15625
-65.4296875 -172.8515625 924.8046875
-73.2421875 -159.1796875 935.05859375
-78.61328125 -148.92578125 944.82421875
-87.40234375 -142.578125 951.66015625
-91.30859375 -141.11328125 951.66015625
-92.7734375 -137.20703125 955.078125
-92.28515625 -140.625 952.1484375
-86.9140625 -143.5546875 947.265625
-82.03125 -151.85546875 940.4296875
-71.2890625 -158.203125 935.546875
-64.94140625 -168.45703125 925.78125
-49.31640625 -173.33984375 916.50390625
-40.0390625 -186.03515625 904.78515625
-33.69140625 -190.4296875 891.6015625
-20.5078125 -196.2890625 875.0
-14.6484375 -206.54296875 861.328125
-7.8125 -216.796875 844.23828125
-3.41796875 -225.5859375 824.21875
1.46484375 -229.98046875 810.546875
9.27734375 -239.74609375 787.59765625
13.671875 -256.34765625 755.859375
20.5078125 -264.6484375 726.07421875
23.4375 -265.625 700.68359375
11.71875 -291.50390625 778.80859375
13.18359375 -316.40625 797.36328125
8.30078125 -301.26953125 718.75
0.48828125 -302.734375 696.2890625
-10.7421875 -325.1953125 733.3984375
-31.25 -335.9375 718.26171875
-45.8984375 -338.37890625 704.58984375
-60.546875 -342.28515625 693.359375
-81.54296875 -338.37890625 685.05859375
-104.4921875 -342.7734375 672.8515625
-120.60546875 -339.35546875 668.9453125
-141.6015625 -342.7734375 667.48046875
-158.203125 -343.26171875 676.7578125
-180.17578125 -344.7265625 693.84765625
-201.66015625 -346.19140625 719.7265625
-234.375 -336.42578125 752.9296875
-245.60546875 -320.80078125 794.43359375
-263.18359375 -308.59375 841.30859375
-282.71484375 -286.62109375 891.11328125
-299.31640625 -250.9765625 946.2890625
-311.03515625 -215.8203125 998.53515625
-320.3125 -162.109375 1041.015625
-336.9140625 -92.7734375 1097.65625
-332.51953125 -8.806626435042819e-12 969.23828125
-335.44921875 51.26953125 985.83984375
-338.8671875 92.28515625 993.1640625
-336.9140625 142.578125 1001.46484375
-335.9375 177.24609375 1004.8828125
-334.9609375 215.33203125 1001.953125
-329.1015625 247.0703125 999.51171875
-326.66015625 286.1328125 991.69921875
-320.3125 314.453125 981.93359375
-321.77734375 352.5390625 967.7734375
-311.03515625 380.859375 952.1484375
-310.546875 413.0859375 934.08203125
-303.22265625 452.1484375 899.90234375
-299.31640625 478.02734375 874.51171875
-291.9921875 499.0234375 851.07421875
-286.1328125 516.6015625 822.265625
-279.78515625 531.25 795.8984375
-277.83203125 543.45703125 763.18359375
-269.53125 562.5 733.88671875
-261.23046875 565.4296875 708.0078125
-256.34765625 578.125 687.01171875
-250.0 583.984375 670.41015625
-247.55859375 584.47265625 654.296875
-236.81640625 586.9140625 640.13671875
-237.3046875 589.35546875 636.71875
-238.76953125 592.28515625 633.7890625
-243.1640625 589.35546875 632.32421875
-244.62890625 585.44921875 630.37109375
-252.9296875 583.49609375 632.32421875
-263.671875 579.58984375 635.25390625
-272.94921875 576.171875 644.04296875
-277.83203125 576.66015625 650.87890625
-284.1796875 569.82421875 657.2265625
-293.9453125 569.82421875 667.48046875
-299.8046875 559.5703125 676.26953125
-306.15234375 554.19921875 686.03515625
-308.59375 551.7578125 697.265625
-310.05859375 543.45703125 712.40234375
-312.01171875 536.62109375 721.6796875
-314.94140625 532.71484375 731.4453125
-314.94140625 532.2265625 747.0703125
-311.03515625 528.3203125 760.7421875
-305.17578125 522.4609375 778.80859375
-296.875 521.484375 798.828125
-288.57421875 524.90234375 821.77734375
-267.08984375 521.97265625 845.21484375
-252.9296875 520.01953125 864.74609375
-231.93359375 515.13671875 883.7890625
-211.42578125 511.23046875 896.484375
-196.2890625 507.32421875 913.57421875
-166.9921875 498.53515625 938.96484375
-145.01953125 490.72265625 952.1484375
-125.9765625 484.375 964.35546875
-99.609375 478.515625 971.19140625
-83.0078125 467.28515625 978.515625
-61.03515625 459.9609375 984.375
-41.9921875 458.0078125 988.28125
-23.4375 450.1953125 990.72265625
-1.46484375 447.75390625 991.2109375
20.99609375 444.82421875 985.3515625
39.0625 444.3359375 978.02734375
58.10546875 435.546875 972.65625
75.1953125 428.7109375 967.28515625
101.5625 427.24609375 952.63671875
119.62890625 421.875 943.84765625
137.6953125 420.41015625 932.6171875
149.4140625 416.015625 922.36328125
163.57421875 416.9921875 907.71484375
174.8046875 421.875 889.16015625
180.6640625 424.8046875 874.0234375
195.3125 427.734375 861.81640625
204.1015625 425.29296875 846.19140625
210.44921875 419.921875 835.44921875
219.7265625 417.96875 827.1484375
223.6328125 408.69140625 822.75390625
229.98046875 398.92578125 826.171875
231.93359375 391.11328125 833.49609375
235.83984375 381.34765625 841.30859375
238.28125 373.53515625 851.5625
238.76953125 356.4453125 860.3515625
240.72265625 337.40234375 869.62890625
246.09375 318.84765625 876.953125
252.44140625 291.50390625 879.8828125
263.671875 265.13671875 875.9765625
270.01953125 231.4453125 875.0
276.85546875 197.75390625 868.1640625
280.76171875 166.015625 861.328125
279.296875 133.7890625 860.83984375
271.97265625 89.84375 863.76953125
264.16015625 71.2890625 878.90625
248.53515625 53.7109375 895.01953125
232.421875 43.9453125 916.015625
212.40234375 44.43359375 939.94140625
192.3828125 49.8046875 968.26171875
166.015625 59.08203125 992.67578125
141.11328125 83.0078125 1015.13671875
118.1640625 106.4453125 1037.109375
93.26171875 129.39453125 1058.10546875
64.94140625 163.0859375 1068.84765625
39.55078125 187.5 1077.63671875
15.625 222.16796875 1082.03125
-22.4609375 260.25390625 1085.9375
-48.828125 275.87890625 1082.51953125
-76.171875 290.52734375 1079.58984375
-103.515625 296.38671875 1076.66015625
-131.34765625 305.6640625 1071.2890625
-160.64453125 302.734375 1062.01171875
-191.89453125 305.17578125 1057.12890625
-217.28515625 303.22265625 1045.8984375
-248.53515625 298.828125 1038.57421875
-268.5546875 283.203125 1027.83203125
-294.43359375 271.97265625 1016.6015625
-313.96484375 260.25390625 1005.859375
-336.42578125 239.2578125 992.1875
-366.69921875 208.49609375 972.65625
-385.25390625 187.98828125 957.03125
-398.92578125 160.64453125 943.84765625
-406.73828125 133.7890625 929.19921875
-413.57421875 102.5390625 917.96875
-417.48046875 70.80078125 906.73828125
-413.57421875 42.96875 895.5078125
-412.59765625 14.16015625 884.765625
-404.296875 -20.99609375 877.9296875
-393.06640625 -47.36328125 860.83984375
-393.06640625 -83.0078125 838.8671875
-385.25390625 -104.98046875 823.2421875
-370.60546875 -143.5546875 789.55078125
-367.1875 -168.9453125 762.6953125
-352.5390625 -186.5234375 737.3046875
-344.23828125 -203.125 707.51953125
-330.078125 -225.5859375 679.6875
-318.359375 -242.1875 647.94921875
-306.640625 -256.34765625 618.1640625
-292.96875 -258.30078125 589.84375
-281.73828125 -273.4375 565.4296875
-270.99609375 -267.08984375 533.69140625
-270.99609375 -269.04296875 504.39453125
-268.5546875 -268.06640625 475.09765625
-271.484375 -259.765625 439.453125
-275.390625 -250.0 398.92578125
-276.3671875 -237.3046875 370.1171875
-278.80859375 -229.4921875 343.75
-285.64453125 -209.47265625 320.3125
-285.64453125 -199.21875 296.38671875
-294.921875 -184.5703125 277.83203125
-296.875 -162.59765625 262.20703125
-302.734375 -143.5546875 250.0
-304.6875 -127.44140625 232.91015625
-306.640625 -108.3984375 214.84375
-305.6640625 -91.796875 199.70703125
-302.24609375 -69.3359375 183.10546875
-299.31640625 -43.45703125 168.45703125
-285.15625 -14.6484375 144.53125
-276.85546875 10.25390625 132.8125
-264.6484375 30.76171875 122.55859375
-254.39453125 48.828125 114.74609375
-245.1171875 64.94140625 110.83984375
-236.328125 78.61328125 104.98046875
-225.09765625 96.19140625 100.09765625
-213.8671875 108.3984375 96.19140625
-202.1484375 130.37109375 91.30859375
-189.453125 145.99609375 91.30859375
-182.6171875 156.73828125 93.26171875
-174.31640625 168.45703125 91.796875
-164.0625 180.6640625 93.26171875
-156.73828125 205.56640625 97.16796875
-157.71484375 211.9140625 101.07421875
-159.1796875 233.88671875 101.5625
-155.76171875 247.0703125 103.02734375
-154.78515625 261.71875 111.81640625
-153.80859375 277.34375 114.2578125
-154.296875 292.96875 120.1171875
-162.59765625 299.31640625 125.9765625
-172.8515625 318.84765625 129.39453125
-179.6875 329.58984375 134.27734375
-190.91796875 339.35546875 138.671875
-203.125 350.5859375 143.5546875
-217.7734375 350.5859375 152.34375
-236.328125 357.91015625 158.203125
-255.859375 356.4453125 164.0625
-270.5078125 354.4921875 165.52734375
-288.0859375 340.8203125 170.8984375
-308.59375 329.58984375 176.26953125
-322.75390625 318.359375 176.7578125
-344.7265625 305.17578125 180.6640625
-360.83984375 287.109375 183.59375
-375.9765625 268.06640625 190.91796875
-401.85546875 247.0703125 199.70703125
-417.96875 232.421875 213.37890625
-438.4765625 211.42578125 230.95703125
-464.84375 184.08203125 259.765625
-482.421875 166.50390625 285.64453125
-495.1171875 151.85546875 309.08203125
-512.20703125 135.25390625 335.9375
-520.01953125 112.79296875 367.1875
-529.296875 99.609375 400.390625
-539.55078125 81.54296875 439.453125
-541.50390625 68.84765625 482.91015625
-541.015625 55.6640625 531.73828125
-539.0625 51.7578125 586.42578125
-531.25 49.31640625 640.13671875
-521.97265625 52.24609375 691.40625
-506.34765625 51.26953125 735.83984375
-482.421875 62.01171875 788.0859375
-473.14453125 66.89453125 818.359375
-457.03125 76.171875 847.16796875
-438.4765625 84.9609375 872.0703125
-424.31640625 98.14453125 897.94921875
-405.76171875 107.421875 921.875
-390.625 123.046875 940.91796875
-381.34765625 139.6484375 955.56640625
-365.72265625 146.97265625 965.33203125
-358.88671875 154.78515625 974.609375
-348.6328125 161.62109375 979.00390625
-344.23828125 160.64453125 980.95703125
-337.40234375 156.73828125 987.3046875
-332.51953125 145.99609375 992.1875
-328.61328125 134.27734375 993.65234375
-323.73046875 127.44140625 998.046875
-315.4296875 99.12109375 1000.48828125
-304.19921875 85.44921875 1000.9765625
-294.921875 65.4296875 1003.90625
-280.76171875 43.9453125 1003.41796875
-268.06640625 22.4609375 1003.41796875
-256.34765625 -3.41796875 1000.0
-236.328125 -13.671875 996.09375
-219.7265625 -27.34375 997.55859375
-206.0546875 -45.8984375 997.0703125
-189.94140625 -52.734375 994.140625
-176.26953125 -57.6171875 998.046875
-164.55078125 -54.6875 997.0703125
-159.66796875 -59.08203125 1000.9765625
-153.3203125 -55.6640625 1005.859375
-146.97265625 -58.10546875 1005.859375
-141.11328125 -56.15234375 1011.23046875
-132.32421875 -49.31640625 1010.25390625
-124.51171875 -46.38671875 1015.625
-117.1875 -47.36328125 1018.06640625
-102.5390625 -42.48046875 1021.97265625
-99.609375 -44.43359375 1023.4375
-81.54296875 -40.52734375 1020.99609375
-80.078125 -40.52734375 1018.06640625
-72.265625 -48.828125 1020.01953125
-70.80078125 -48.33984375 1018.06640625
-72.75390625 -57.6171875 1016.11328125
-77.63671875 -57.12890625 1015.625
-76.171875 -56.640625 1015.625
-82.03125 -60.05859375 1011.23046875
-84.9609375 -62.01171875 1014.16015625
-93.26171875 -63.96484375 1011.71875
-98.14453125 -59.08203125 1009.27734375
-102.5390625 -58.59375 1008.7890625
-109.375 -59.08203125 1009.765625
-109.86328125 -57.6171875 1009.27734375
-113.76953125 -57.12890625 1011.71875
-112.3046875 -56.15234375 1010.7421875
-111.81640625 -57.6171875 1007.8125
-116.69921875 -56.15234375 1010.25390625
-121.09375 -63.4765625 1008.7890625
-126.46484375 -58.59375 1010.25390625
-128.41796875 -53.7109375 1010.25390625
-128.90625 -52.734375 1013.18359375
-132.32421875 -51.7578125 1013.18359375
-128.41796875 -52.734375 1012.6953125
-128.90625 -53.7109375 1011.23046875
-125.48828125 -51.26953125 1011.71875
-126.46484375 -48.828125 1011.71875
-126.46484375 -56.640625 1013.18359375
-127.44140625 -50.29296875 1012.6953125
-127.44140625 -49.8046875 1013.671875
-125.48828125 -46.38671875 1010.7421875
-125.0 -59.5703125 1011.23046875
-128.90625 -58.10546875 1014.16015625
-125.0 -50.29296875 1014.16015625
-128.90625 -53.7109375 1014.6484375
-128.90625 -48.828125 1012.6953125
-129.39453125 -50.29296875 1013.18359375
-129.39453125 -52.734375 1012.20703125
-127.44140625 -48.828125 1012.20703125
-128.41796875 -53.22265625 1012.6953125
-126.953125 -54.19921875 1013.671875
-126.953125 -49.8046875 1012.20703125
-125.48828125 -48.33984375 1013.18359375
-125.48828125 -53.22265625 1012.6953125
-127.44140625 -56.15234375 1013.671875
-126.46484375 -52.734375 1010.25390625
-127.44140625 -51.7578125 1013.671875
-125.9765625 -48.33984375 1013.671875
-125.48828125 -48.33984375 1010.7421875
-125.0 -54.19921875 1012.6953125
-125.48828125 -52.24609375 1012.20703125
-124.0234375 -48.828125 1012.20703125
-128.41796875 -55.6640625 1014.16015625
-125.48828125 -57.6171875 1011.23046875
-124.51171875 -57.12890625 1012.6953125
-124.0234375 -58.59375 1014.16015625
-123.53515625 -61.03515625 1013.18359375
-124.51171875 -60.05859375 1016.11328125
-123.046875 -58.10546875 1014.16015625
-126.46484375 -61.03515625 1014.6484375
-128.41796875 -57.12890625 1011.23046875
-124.51171875 -52.24609375 1013.18359375
-125.9765625 -50.78125 1014.6484375
-126.953125 -54.6875 1010.7421875
-125.9765625 -51.7578125 1012.6953125
-124.51171875 -52.734375 1012.20703125
-129.8828125 -51.7578125 1013.671875
-128.41796875 -54.19921875 1014.6484375
-124.0234375 -51.26953125 1012.6953125
-124.0234375 -56.640625 1012.20703125
-125.9765625 -56.640625 1013.671875
-124.0234375 -52.24609375 1011.23046875
-125.9765625 -53.7109375 1011.71875
-121.09375 -47.36328125 1013.18359375
-127.9296875 -55.17578125 1013.18359375
-127.9296875 -50.29296875 1013.671875
-125.0 -52.24609375 1012.6953125
-123.53515625 -55.17578125 1014.16015625
-122.0703125 -47.8515625 1012.20703125
-124.51171875 -55.6640625 1013.671875
-125.48828125 -52.734375 1012.6953125
-123.046875 -53.7109375 1014.16015625
